 cell  block      fam   n miss  m null reps refused   fixed     own  naive      se    k    r4        kind
    1   main    bin_m 200 0.25 20    1 1000   0.000 0.02100 0.05400 0.0860 0.00689 1.00 0.441 single-null
    2   main    bin_m 200 0.25 20    2 1000   0.000 0.01600 0.04400 0.0820 0.00689 1.00 0.448 single-null
    3   main    bin_m 200 0.25 20    3 1000   0.000 0.00400 0.01000 0.0170 0.00689 1.00 0.424  other-null
    4   main    bin_m 200 0.25 20    4 1000   0.000 0.00800 0.01300 0.0190 0.00689 1.00 0.429  other-null
    5   main    bin_m 200 0.25 20    5 1000   0.000 0.00500 0.01900 0.0210 0.00689 1.00 0.427  other-null
    6   main    bin_m 200 0.25 20    6 1000   0.000 0.14900 0.24600 0.3200 0.00689 1.00 0.466       power
    7   main    bin_m 200 0.40 20    1 1000   0.000 0.01500 0.06300 0.1250 0.00689 1.00 0.786 single-null
    8   main    bin_m 200 0.40 20    2 1000   0.000 0.01800 0.06200 0.1190 0.00689 1.00 0.817 single-null
    9   main    bin_m 200 0.40 20    3 1000   0.000 0.00300 0.02000 0.0430 0.00689 1.00 0.779  other-null
   10   main    bin_m 200 0.40 20    4 1000   0.000 0.00500 0.03100 0.0600 0.00689 1.00 0.781  other-null
   11   main    bin_m 200 0.40 20    5 1000   0.000 0.00200 0.01900 0.0370 0.00689 1.00 0.776  other-null
   12   main    bin_m 200 0.40 20    6 1000   0.000 0.10100 0.21900 0.3260 0.00689 1.00 0.808       power
   13   main    bin_m 500 0.25 20    1 1000   0.000 0.04400 0.06700 0.1100 0.00689 1.00 0.431 single-null
   14   main    bin_m 500 0.25 20    2 1000   0.000 0.03500 0.06700 0.1170 0.00689 1.00 0.467 single-null
   15   main    bin_m 500 0.25 20    3 1000   0.000 0.00300 0.01000 0.0160 0.00689 1.00 0.443  other-null
   16   main    bin_m 500 0.25 20    4 1000   0.000 0.00900 0.02300 0.0360 0.00689 1.00 0.443  other-null
   17   main    bin_m 500 0.25 20    5 1000   0.000 0.01000 0.02600 0.0410 0.00689 1.00 0.449  other-null
   18   main    bin_m 500 0.25 20    6 1000   0.000 0.59300 0.67700 0.7990 0.00689 1.00 0.484       power
   19   main    bin_m 500 0.40 20    1 1000   0.000 0.03900 0.09000 0.1690 0.00689 1.00 0.800 single-null
   20   main    bin_m 500 0.40 20    2 1000   0.000 0.03300 0.07700 0.2000 0.00689 1.00 0.843 single-null
   21   main    bin_m 500 0.40 20    3 1000   0.000 0.00200 0.02400 0.0340 0.00689 1.00 0.796  other-null
   22   main    bin_m 500 0.40 20    4 1000   0.000 0.00300 0.03400 0.0690 0.00689 1.00 0.785  other-null
   23   main    bin_m 500 0.40 20    5 1000   0.000 0.01100 0.03400 0.0670 0.00689 1.00 0.807  other-null
   24   main    bin_m 500 0.40 20    6 1000   0.000 0.43300 0.57500 0.7560 0.00689 1.00 0.844       power
   25   main    bin_y 200 0.25 20    1 1000   0.000 0.01700 0.04400 0.0740 0.00689 1.00 0.486 single-null
   26   main    bin_y 200 0.25 20    2 1000   0.000 0.04100 0.05800 0.1440 0.00689 1.00 0.552 single-null
   27   main    bin_y 200 0.25 20    3 1000   0.000 0.00200 0.00600 0.0180 0.00689 1.00 0.512  other-null
   28   main    bin_y 200 0.25 20    4 1000   0.000 0.00800 0.01800 0.0330 0.00689 1.00 0.515  other-null
   29   main    bin_y 200 0.25 20    5 1000   0.000 0.01100 0.03400 0.0560 0.00689 1.00 0.527  other-null
   30   main    bin_y 200 0.25 20    6 1000   0.000 0.32600 0.38300 0.5520 0.00689 1.00 0.568       power
   31   main    bin_y 200 0.40 20    1 1000   0.000 0.01600 0.05100 0.1110 0.00689 1.00 0.946 single-null
   32   main    bin_y 200 0.40 20    2 1000   0.000 0.03900 0.08600 0.2440 0.00689 1.00 1.070 single-null
   33   main    bin_y 200 0.40 20    3 1000   0.000 0.00200 0.01800 0.0510 0.00689 1.00 0.990  other-null
   34   main    bin_y 200 0.40 20    4 1000   0.000 0.00400 0.03300 0.0540 0.00689 1.00 0.979  other-null
   35   main    bin_y 200 0.40 20    5 1000   0.000 0.00700 0.05000 0.1200 0.00689 1.00 1.001  other-null
   36   main    bin_y 200 0.40 20    6 1000   0.000 0.20400 0.32500 0.5330 0.00689 1.00 1.102       power
   37   main    bin_y 500 0.25 20    1 1000   0.000 0.03700 0.05800 0.1090 0.00689 1.00 0.474 single-null
   38   main    bin_y 500 0.25 20    2 1000   0.000 0.05000 0.05000 0.1540 0.00689 1.00 0.526 single-null
   39   main    bin_y 500 0.25 20    3 1000   0.000 0.00600 0.01700 0.0250 0.00689 1.00 0.503  other-null
   40   main    bin_y 500 0.25 20    4 1000   0.000 0.00800 0.02500 0.0380 0.00689 1.00 0.502  other-null
   41   main    bin_y 500 0.25 20    5 1000   0.000 0.02400 0.05900 0.0930 0.00689 1.00 0.512  other-null
   42   main    bin_y 500 0.25 20    6 1000   0.000 0.71600 0.71700 0.8530 0.00689 1.00 0.558       power
   43   main    bin_y 500 0.40 20    1 1000   0.000 0.03700 0.09900 0.1820 0.00689 1.00 0.911 single-null
   44   main    bin_y 500 0.40 20    2 1000   0.000 0.04500 0.05200 0.2350 0.00689 1.00 0.995 single-null
   45   main    bin_y 500 0.40 20    3 1000   0.000 0.00400 0.02600 0.0580 0.00689 1.00 0.940  other-null
   46   main    bin_y 500 0.40 20    4 1000   0.000 0.00800 0.04600 0.0830 0.00689 1.00 0.961  other-null
   47   main    bin_y 500 0.40 20    5 1000   0.000 0.01600 0.07100 0.1440 0.00689 1.00 0.971  other-null
   48   main    bin_y 500 0.40 20    6 1000   0.000 0.57500 0.59000 0.8380 0.00689 1.00 1.074       power
   49   main gauss_xm 200 0.25 20    1 1000   0.000 0.05300 0.02982 0.1350 0.00689 1.01 0.426 single-null
   50   main gauss_xm 200 0.25 20    2 1000   0.000 0.02400 0.01189 0.1010 0.00689 1.98 0.403 single-null
   51   main gauss_xm 200 0.25 20    3 1000   0.000 0.00100 0.00000 0.0180 0.00689 1.34 0.428  other-null
   52   main gauss_xm 200 0.25 20    4 1000   0.000 0.01200 0.00272 0.0510 0.00689 1.19 0.441  other-null
   53   main gauss_xm 200 0.25 20    5 1000   0.000 0.01100 0.00562 0.0410 0.00689 1.57 0.429  other-null
   54   main gauss_xm 200 0.25 20    6 1000   0.000 0.83100 0.72330 0.9410 0.00689 1.30 0.501       power
   55   main gauss_xm 200 0.40 20    1 1000   0.000 0.04900 0.02216 0.1960 0.00689 1.02 0.743 single-null
   56   main gauss_xm 200 0.40 20    2 1000   0.000 0.03200 0.01318 0.1410 0.00689 1.96 0.665 single-null
   57   main gauss_xm 200 0.40 20    3 1000   0.000 0.00300 0.00000 0.0240 0.00689 1.38 0.746  other-null
   58   main gauss_xm 200 0.40 20    4 1000   0.000 0.00600 0.00503 0.0850 0.00689 1.24 0.756  other-null
   59   main gauss_xm 200 0.40 20    5 1000   0.000 0.01100 0.00806 0.0470 0.00689 1.55 0.729  other-null
   60   main gauss_xm 200 0.40 20    6 1000   0.000 0.66700 0.50685 0.9180 0.00689 1.34 0.871       power
   61   main gauss_xm 500 0.25 20    1 1000   0.000 0.05700 0.05700 0.1220 0.00689 1.00 0.399 single-null
   62   main gauss_xm 500 0.25 20    2 1000   0.000 0.02000 0.01616 0.0920 0.00689 2.00 0.369 single-null
   63   main gauss_xm 500 0.25 20    3 1000   0.000 0.00100 0.00000 0.0110 0.00689 1.34 0.410  other-null
   64   main gauss_xm 500 0.25 20    4 1000   0.000 0.02200 0.00476 0.0880 0.00689 1.05 0.419  other-null
   65   main gauss_xm 500 0.25 20    5 1000   0.000 0.00800 0.00347 0.0680 0.00689 1.78 0.392  other-null
   66   main gauss_xm 500 0.25 20    6 1000   0.000 1.00000 1.00000 1.0000 0.00689 1.22 0.494       power
   67   main gauss_xm 500 0.40 20    1 1000   0.000 0.05000 0.04303 0.1920 0.00689 1.00 0.723 single-null
   68   main gauss_xm 500 0.40 20    2 1000   0.000 0.02100 0.01756 0.1490 0.00689 2.00 0.612 single-null
   69   main gauss_xm 500 0.40 20    3 1000   0.000 0.00200 0.00000 0.0280 0.00689 1.37 0.712  other-null
   70   main gauss_xm 500 0.40 20    4 1000   0.000 0.02400 0.00765 0.1300 0.00689 1.09 0.753  other-null
   71   main gauss_xm 500 0.40 20    5 1000   0.000 0.01100 0.00510 0.1070 0.00689 1.74 0.663  other-null
   72   main gauss_xm 500 0.40 20    6 1000   0.000 0.99400 0.98516 1.0000 0.00689 1.25 0.846       power
   73   main   pois_y 200 0.25 20    1 1000   0.000 0.03700 0.07400 0.1420 0.00689 1.00 0.643 single-null
   74   main   pois_y 200 0.25 20    2 1000   0.000 0.04500 0.09800 0.2620 0.00689 1.00 1.192 single-null
   75   main   pois_y 200 0.25 20    3 1000   0.000 0.00300 0.01400 0.0380 0.00689 1.00 0.906  other-null
   76   main   pois_y 200 0.25 20    4 1000   0.000 0.00500 0.03400 0.0770 0.00689 1.00 0.876  other-null
   77   main   pois_y 200 0.25 20    5 1000   0.000 0.00800 0.04400 0.0990 0.00689 1.00 0.988  other-null
   78   main   pois_y 200 0.25 20    6 1000   0.000 0.65500 0.75300 0.9260 0.00689 1.00 1.204       power
   79   main   pois_y 200 0.40 20    1 1000   0.000 0.02800 0.07800 0.2120 0.00689 1.00 1.254 single-null
   80   main   pois_y 200 0.40 20    2 1000   0.000 0.04500 0.13800 0.4110 0.00689 1.00 2.064 single-null
   81   main   pois_y 200 0.40 20    3 1000   0.000 0.00300 0.03600 0.1260 0.00689 1.00 1.556  other-null
   82   main   pois_y 200 0.40 20    4 1000   0.000 0.00200 0.04900 0.1620 0.00689 1.00 1.555  other-null
   83   main   pois_y 200 0.40 20    5 1000   0.000 0.00700 0.06800 0.1960 0.00689 1.00 1.679  other-null
   84   main   pois_y 200 0.40 20    6 1000   0.000 0.46300 0.64500 0.9110 0.00689 1.00 2.080       power
   85   main   pois_y 500 0.25 20    1 1000   0.000 0.05300 0.05800 0.1410 0.00689 1.00 0.589 single-null
   86   main   pois_y 500 0.25 20    2 1000   0.000 0.04800 0.05200 0.2600 0.00689 1.00 1.178 single-null
   87   main   pois_y 500 0.25 20    3 1000   0.000 0.00500 0.02300 0.0440 0.00689 1.00 0.868  other-null
   88   main   pois_y 500 0.25 20    4 1000   0.000 0.02000 0.04900 0.0850 0.00689 1.00 0.765  other-null
   89   main   pois_y 500 0.25 20    5 1000   0.000 0.02200 0.09200 0.1680 0.00689 1.00 1.053  other-null
   90   main   pois_y 500 0.25 20    6 1000   0.000 0.98200 0.98400 1.0000 0.00689 1.00 1.113       power
   91   main   pois_y 500 0.40 20    1 1000   0.000 0.03500 0.06200 0.2370 0.00689 1.00 1.083 single-null
   92   main   pois_y 500 0.40 20    2 1000   0.000 0.04000 0.05700 0.4520 0.00689 1.00 2.147 single-null
   93   main   pois_y 500 0.40 20    3 1000   0.000 0.00700 0.03800 0.1270 0.00689 1.00 1.572  other-null
   94   main   pois_y 500 0.40 20    4 1000   0.000 0.01700 0.08600 0.1860 0.00689 1.00 1.425  other-null
   95   main   pois_y 500 0.40 20    5 1000   0.000 0.01900 0.13500 0.3140 0.00689 1.00 1.845  other-null
   96   main   pois_y 500 0.40 20    6 1000   0.000 0.90100 0.92600 0.9980 0.00689 1.00 1.989       power
   97   rare   rare_y 150 0.40 20    1 1000   0.000 0.01600 0.06900 0.1470 0.00689 1.00 0.971 single-null
   98   rare   rare_y 150 0.40 20    2 1000   0.004 0.03313 0.10643 0.3283 0.00691 1.00 1.579 single-null
   99   rare   rare_y 150 0.40 20    3 1000   0.004 0.00100 0.02209 0.0733 0.00691 1.00 1.137  other-null
  100   rare   rare_y 150 0.40 20    4 1000   0.002 0.00200 0.02004 0.0782 0.00690 1.00 1.155  other-null
  101   rare   rare_y 150 0.40 20    5 1000   0.004 0.00402 0.04016 0.1255 0.00691 1.00 1.228  other-null
  102   rare   rare_y 150 0.40 20    6 1000   0.000 0.28800 0.45100 0.7130 0.00689 1.00 1.458       power
  103   rare   rare_y 300 0.40 20    1 1000   0.000 0.02500 0.06800 0.1460 0.00689 1.00 0.809 single-null
  104   rare   rare_y 300 0.40 20    2 1000   0.000 0.05200 0.10000 0.3370 0.00689 1.00 1.447 single-null
  105   rare   rare_y 300 0.40 20    3 1000   0.000 0.00200 0.02400 0.0670 0.00689 1.00 1.026  other-null
  106   rare   rare_y 300 0.40 20    4 1000   0.000 0.00100 0.02700 0.0630 0.00689 1.00 1.034  other-null
  107   rare   rare_y 300 0.40 20    5 1000   0.000 0.01600 0.07300 0.1610 0.00689 1.00 1.183  other-null
  108   rare   rare_y 300 0.40 20    6 1000   0.000 0.65900 0.73400 0.9230 0.00689 1.00 1.397       power
  109 smallk    bin_y 200 0.40  5    1 1000   0.000 0.01600 0.06900 0.1340 0.00689 1.00 1.092 single-null
  110 smallk    bin_y 200 0.40  5    2 1000   0.000 0.04600 0.09600 0.2470 0.00689 1.00 1.209 single-null
  111 smallk    bin_y 200 0.40  5    3 1000   0.000 0.00600 0.02500 0.0520 0.00689 1.00 1.126  other-null
  112 smallk    bin_y 200 0.40  5    4 1000   0.000 0.00500 0.02900 0.0720 0.00689 1.00 1.128  other-null
  113 smallk    bin_y 200 0.40  5    5 1000   0.000 0.01100 0.05100 0.1140 0.00689 1.00 1.116  other-null
  114 smallk    bin_y 200 0.40  5    6 1000   0.000 0.18200 0.28900 0.5410 0.00689 1.00 1.209       power
  115 smallk    bin_y 200 0.40 10    1 1000   0.000 0.01400 0.06300 0.1100 0.00689 1.00 0.984 single-null
  116 smallk    bin_y 200 0.40 10    2 1000   0.000 0.04100 0.09300 0.2550 0.00689 1.00 1.131 single-null
  117 smallk    bin_y 200 0.40 10    3 1000   0.000 0.00500 0.01800 0.0440 0.00689 1.00 1.041  other-null
  118 smallk    bin_y 200 0.40 10    4 1000   0.000 0.00600 0.02600 0.0620 0.00689 1.00 0.994  other-null
  119 smallk    bin_y 200 0.40 10    5 1000   0.000 0.00800 0.04400 0.1080 0.00689 1.00 1.077  other-null
  120 smallk    bin_y 200 0.40 10    6 1000   0.000 0.19600 0.30900 0.5450 0.00689 1.00 1.163       power
  121 smallk gauss_xm 200 0.40  5    1 1000   0.000 0.04100 0.03111 0.1930 0.00689 1.02 0.847 single-null
  122 smallk gauss_xm 200 0.40  5    2 1000   0.000 0.02900 0.01646 0.1690 0.00689 1.95 0.765 single-null
  123 smallk gauss_xm 200 0.40  5    3 1000   0.000 0.00500 0.00307 0.0380 0.00689 1.38 0.827  other-null
  124 smallk gauss_xm 200 0.40  5    4 1000   0.000 0.01100 0.00652 0.0920 0.00689 1.25 0.868  other-null
  125 smallk gauss_xm 200 0.40  5    5 1000   0.000 0.00900 0.00296 0.0740 0.00689 1.54 0.833  other-null
  126 smallk gauss_xm 200 0.40  5    6 1000   0.000 0.58200 0.51934 0.9020 0.00689 1.34 0.984       power
  127 smallk gauss_xm 200 0.40 10    1 1000   0.000 0.04300 0.01896 0.2040 0.00689 1.02 0.813 single-null
  128 smallk gauss_xm 200 0.40 10    2 1000   0.000 0.03700 0.01464 0.1390 0.00689 1.95 0.705 single-null
  129 smallk gauss_xm 200 0.40 10    3 1000   0.000 0.00100 0.00000 0.0290 0.00689 1.38 0.792  other-null
  130 smallk gauss_xm 200 0.40 10    4 1000   0.000 0.00900 0.00000 0.0750 0.00689 1.24 0.823  other-null
  131 smallk gauss_xm 200 0.40 10    5 1000   0.000 0.00800 0.00000 0.0650 0.00689 1.54 0.769  other-null
  132 smallk gauss_xm 200 0.40 10    6 1000   0.000 0.63300 0.52513 0.9150 0.00689 1.34 0.925       power

== Criteria
PASS C1 size <= 6.5% in every null cell (fixed) (max 0.057; 110 of 110 cells present)
PASS C2 size <= 6.5% at m = 5, 10 (max 0.046)
FAIL C3 power >= 50% in n = 500 main cells (min 0.433)
PASS C4 refusal share <= 1% (main, small K) (max 0.000)
PASS C5 positive control: naive pooling is liberal (> 6.5%) in bin_y n=200, 40% (naive 0.111, 0.244); a void result here voids the run
C6 ariv = 'own' is reported, not gated (column `own`).
